[gd_scene load_steps=12 format=2]

[ext_resource path="res://models/boulder.obj" type="ArrayMesh" id=1]
[ext_resource path="res://textures/rock/rock_orm.png" type="Texture" id=2]
[ext_resource path="res://textures/rock/rock_normal.png" type="Texture" id=3]
[ext_resource path="res://textures/moss/moss_orm.png" type="Texture" id=4]
[ext_resource path="res://textures/rock/rock_albedo.png" type="Texture" id=5]
[ext_resource path="res://textures/moss/moss_albedo.png" type="Texture" id=6]
[ext_resource path="res://textures/moss/moss_normal.png" type="Texture" id=7]
[ext_resource path="res://shaders/world_normal_mix_visual.tres" type="Shader" id=8]

[sub_resource type="ShaderMaterial" id=9]
shader = ExtResource( 8 )
shader_param/uv_scale_bg = Vector3( 2, 2, 0 )
shader_param/uv_scale_fg = Vector3( 4, 4, 0 )
shader_param/Offset = 0.03
shader_param/Edge = 0.091
shader_param/albedo_bg = ExtResource( 5 )
shader_param/albedo_fg = ExtResource( 6 )
shader_param/normal_bg = ExtResource( 3 )
shader_param/orm_bg = ExtResource( 2 )
shader_param/orm_fg = ExtResource( 4 )
shader_param/normal_fg = ExtResource( 7 )

[sub_resource type="ProceduralSky" id=44]

[sub_resource type="Environment" id=45]
background_mode = 2
background_sky = SubResource( 44 )
tonemap_mode = 4
ssao_enabled = true
ssao_ao_channel_affect = 1.0
glow_enabled = true

[node name="Scene" type="Spatial"]

[node name="MeshInstance" type="MeshInstance" parent="."]
transform = Transform( -0.0295616, -0.999563, 0, 0.999563, -0.0295616, 0, 0, 0, 1, 0, 0, 0 )
material_override = SubResource( 9 )
mesh = ExtResource( 1 )

[node name="MeshInstance2" type="MeshInstance" parent="."]
transform = Transform( -0.957842, 0.287294, 0, 0.0367933, 0.12267, -0.991765, -0.284928, -0.949955, -0.128069, -0.499246, 0.993069, -1.37166 )
material_override = SubResource( 9 )
mesh = ExtResource( 1 )

[node name="MeshInstance3" type="MeshInstance" parent="."]
transform = Transform( -0.957842, 0.287294, 0, 0.185516, 0.618515, -0.763559, -0.219366, -0.73137, -0.645737, -0.499246, -1.03651, 1.48674 )
material_override = SubResource( 9 )
mesh = ExtResource( 1 )

[node name="DirectionalLight" type="DirectionalLight" parent="."]
transform = Transform( 0.707107, 0.5, -0.5, 0, 0.707107, 0.707107, 0.707107, -0.5, 0.5, 0, 10, 0 )
light_color = Color( 1, 0.905882, 0.796078, 1 )

[node name="WorldEnvironment" type="WorldEnvironment" parent="."]
environment = SubResource( 45 )
